>MOTIF5 8
0.1897342871512787 0.0036407748611380505 0.048732481680379316 0.7578924563072039
0.7789154151909247 0.08490533622009401 0.13230032515537482 0.003878923433606518
0.22506616535980642 0.008694359636872317 0.025611334204903836 0.7406281407984174
0.7994175189614362 0.0870498699410702 0.09233360119107592 0.021199009906417654
0.15886417614444848 0.05839178527540196 0.7750361632725508 0.007707875307598755
0.0666689191902522 0.7665021085621783 0.0018182323552848878 0.16501073989228465
0.0032787078563235594 0.20702463340832358 0.041239490437398496 0.7484571682979544
0.044567539753261554 0.8087252987173501 0.07908048618167374 0.06762667534771458
<
