>MOTIF3 8
0.7616893689122991 0.03732726287912251 0.01028340948689545 0.19069995872168294
0.004878494840504066 0.06444831385968548 0.15778717171064804 0.7728860195891624
0.028970996510858944 0.01914651037938464 0.18436437725107246 0.7675181158586839
0.01156367624886403 0.005471405150251685 0.6930431710814722 0.28992174751941213
0.09099096716743847 0.06663986643122033 0.03643098284551505 0.8059381835558261
0.010246549233775598 0.18993547185140397 0.037732216831793404 0.762085762083027
0.05351177334328738 0.8077885034008007 0.04895605384363133 0.08974366941228061
0.8085187146558119 0.04317701558257556 0.07818937872536136 0.07011489103625113
<
