>MOTIF8 8
0.014682748817629125 0.9237704880446553 0.04014767382203044 0.021399089315685127
0.02858313254059197 0.006903437233286867 0.042996137374393006 0.9215172928517281
0.0049543074865011855 9.268424549045951e-05 0.09541538162152495 0.8995376266464834
0.004849982669370108 0.014793923721375779 0.9154432641680768 0.06491282944117738
0.07550716251824899 0.9106988337896242 0.0029986618520626705 0.010795341840064102
0.010177456346940228 0.07813403775133378 0.0023579494196500628 0.909330556482076
0.0008593157997392401 0.03693437311173853 0.9172532688331175 0.04495304225540475
0.07827918249531456 0.007316578309734201 0.9097240011721739 0.004680238022777348
<
