>MOTIF6 8
0.0038466007745601013 0.04485593312782346 0.919761397419947 0.031536068677669435
0.01629305065849418 0.03583549111479327 0.023328221586427667 0.9245432366402849
0.02874331025686938 0.006914887836884542 0.04279663801005082 0.9215451638961952
0.04459716011454462 0.02083573755639166 0.9226161154745977 0.01195098685446605
0.021877780133701383 0.9202308284261081 0.007081138234258092 0.050810253205932375
0.023728100492529193 0.9171079257872925 0.05640062862399653 0.002763345096181813
0.015586787108591293 0.9095170457063729 0.07470254570307289 0.00019362148196287526
0.02450905619090124 0.05512717828036174 0.9174751193272106 0.0028886462015264218
<
