>MOTIF2 8
0.9154511237324869 0.00034120439637147504 0.029620736118087194 0.05458693575305439
0.030157332419873263 0.014686600339164045 0.9246220442678142 0.030534022973148445
0.05820833287662028 0.026031891615823307 0.9150933595455242 0.0006664159620322366
0.9084665588106396 0.014402761606298942 8.478646612519736e-05 0.07704589311693623
0.013925785050369122 0.06521852054120769 0.0053896212070726115 0.9154660732013505
0.9171311329197066 0.022898245870078243 0.056937650181142496 0.0030329710290726286
0.04325848442524349 0.014393894286470017 0.019189332089666777 0.9231582891986198
0.0035003331546842676 0.9168321796749798 0.020681058637705366 0.05898642853263061
<
