>MOTIF2 8
0.016086824891365703 0.0006138063298782859 0.6823668468808377 0.3009325218979183
0.0314383137237732 0.03254451234160646 0.14944943769387406 0.7865677362407463
0.7623523328647813 0.056533344980008504 0.17832397613506976 0.0027903460201403885
0.7874886594066898 0.10422197986101367 0.00803148760614452 0.10025787312615203
0.0063288791253039815 0.7280887322117781 0.02287333592829079 0.24270905273462717
0.8047873266645186 0.09304406015695932 0.033109409944566015 0.0690592032339561
0.6598169471878842 0.005241209588890017 0.33019484689712686 0.004746996326098939
0.7245621506679559 0.24663152679182135 0.004376085506146881 0.02443023703407584
<
