>MOTIF4 8
0.0029883365696901656 0.010371347945235863 0.9103491914242604 0.07629112406081356
0.9162080337249657 7.982816084424471e-05 0.04092536663058056 0.042786771483609466
0.03131627137371915 0.0351099606699504 0.9233448926969383 0.01022887525939213
0.01844524554865259 0.01933579863705234 0.0380407376684514 0.9241782181458437
0.00423766521309199 0.9113797314440996 0.07462480064056107 0.009757802702247353
0.03405946366706325 0.03202902456560863 0.9234495978504661 0.01046191391686202
0.0300580103653535 0.00033918732330095124 0.05406254302574087 0.9155402592856047
0.918984227950183 0.005842510932880481 0.0543696385745989 0.02080362254233764
<
