>MOTIF5 8
0.03135821679158563 0.04398621889816223 0.9202099988263048 0.004445565483947256
0.012093206273466647 0.0435243066031183 0.9228456203820814 0.021536866741333656
0.9133073255569596 0.07090743246916564 0.009489033484503332 0.006296208489371402
0.03119909776289865 0.05201895658058837 0.9161866878781422 0.0005952577783708141
0.923645994742765 0.04136751680324591 0.01612065972525667 0.018865828728732402
0.0031418056153050835 0.002255035697366602 0.09319631013148502 0.9014068485558433
0.01577826070153694 0.9246772980342471 0.030174568026480386 0.02936987323773553
0.9189893796682905 0.018344474656628473 0.007033611217034386 0.05563253445804661
<
